372
1055
1088
1080
1103
1090
1077
1083
1080
1090
1077
32
1085
1072
32
1057
1087
1086
1085
1076
1078
32
45
32
1084
1077
1076
1091
1079
1080
1090
1077
32
1089
1072
32
1090
1088
1098
1075
1085
1072
1083
1080
32
1085
1072
32
1088
1072
1079
1093
1086
1076
1082
1072
32
1080
1079
13
10
1086
1082
1077
1072
1085
1072
44
32
1073
1077
1079
32
1076
1072
32
1089
1077
32
1089
1098
1086
1073
1088
1072
1079
1103
1074
1072
1090
32
1089
32
1088
1080
1073
1080
1090
1077
44
32
1087
1083
1091
1074
1072
1097
1080
32
1085
1072
1086
1082
1086
1083
1086
46
13
10
13
10
1040
32
1088
1080
1073
1080
1090
1077
32
1089
1072
32
1075
1083
1072
1076
1085
1080
46
32
1058
1088
1103
1073
1074
1072
32
1076
1072
32
1089
1087
1072
1089
1080
1096
32
1085
1077
1086
1073
1093
1086
1076
1080
1084
1080
1103
32
1073
1088
1086
1081
13
10
1084
1077
1076
1091
1079
1080
32
1079
1072
32
1074
1089
1103
1082
1086
32
1085
1080
1074
1086
44
32
1087
1088
1077
1076
1080
32
1088
1080
1073
1080
1090
1077
32
1076
1072
32
1089
1072
32
1080
1079
1103
1083
1080
32
1087
1088
1077
1082
1072
1083
1077
1085
1086
13
10
1084
1085
1086
1075
1086
32
1084
1077
1076
1091
1079
1080
46
13
10
13
10
1040
1082
1086
32
1090
1077
32
1076
1086
1082
1086
1087
1072
32
1085
1103
1082
1086
1103
32
1088
1080
1073
1072
44
32
1090
1103
32
1097
1077
32
1080
1079
1103
1076
1077
32
1080
32
1090
1077
1073
46
32
1040
1082
1086
32
1091
1089
1087
1077
1077
1096
13
10
1076
1072
32
1089
1087
1072
1089
1080
1096
32
1084
1077
1076
1091
1079
1080
1090
1077
32
1087
1088
1077
1076
1080
32
1082
1088
1072
1103
32
1085
1072
32
1074
1088
1077
1084
1077
1090
1086
32
1079
1072
32
1085
1080
1074
1086
1090
1086
44
32
1080
1084
1072
13
10
1080
32
1073
1086
1085
1091
1089
46
0
